image_width: 1280
image_height: 720
camera_name: stellar_hd
distortion_model: equidistant
distortion_coefficients:
  rows: 1
  cols: 4
  data:
  - -0.979106018487799
  - 1.0631093225078763
  - 0.9912816069098884
  - -0.6949403909280293
camera_matrix:
  rows: 3
  cols: 3
  data:
  - 543.1015942961012
  - -4.613514427607131
  - 642.0721817379781
  - 0.0
  - 545.5941405170902
  - 361.26296442053314
  - 0.0
  - 0.0
  - 1.0
rectification_matrix:
  rows: 3
  cols: 3
  data:
  - 1.0
  - 0.0
  - 0.0
  - 0.0
  - 1.0
  - 0.0
  - 0.0
  - 0.0
  - 1.0
projection_matrix:
  rows: 3
  cols: 4
  data:
  - 543.1015942961012
  - -4.613514427607131
  - 642.0721817379781
  - 0.0
  - 0.0
  - 545.5941405170902
  - 361.26296442053314
  - 0.0
  - 0.0
  - 0.0
  - 1.0
  - 0.0
